{
    "PercentCloud": 8.157571792602539,
    "PercentLand": 98.38358306884766,
    "PercentWater": 1.6164169311523438,
    "QAPercentGoodQuality": 100.0,
    "QAPercentNotProduced": 0.0034722830168902874,
    "QAPercentOtherQuality": 0.0
}